ENVI
interleave = bil
data type = 12
lines = 2000
samples = 1600
bands = 462
sample binning = 1
spectral binning = 2
line binning = 1
shutter = 65.33
gain = 0.0
framerate = 14.999925000374999
imager serial number = 100124-108
byte order = 0
header offset = 0
flip radiometric calibration = False
wavelength = {384.8, 386.11, 387.43, 388.75, 390.07, 391.39, 392.71, 394.03, 395.35, 396.67, 398.0, 399.32, 400.64, 401.96, 403.28, 404.6, 405.92, 407.24, 408.56, 409.88, 411.21, 412.53, 413.85, 415.17, 416.49, 417.82, 419.14, 420.46, 421.78, 423.11, 424.43, 425.75, 427.07, 428.4, 429.72, 431.04, 432.37, 433.69, 435.02, 436.34, 437.66, 438.99, 440.31, 441.64, 442.96, 444.28, 445.61, 446.93, 448.26, 449.58, 450.91, 452.23, 453.56, 454.88, 456.21, 457.53, 458.86, 460.19, 461.51, 462.84, 464.16, 465.49, 466.82, 468.14, 469.47, 470.8, 472.12, 473.45, 474.78, 476.11, 477.43, 478.76, 480.09, 481.42, 482.74, 484.07, 485.4, 486.73, 488.06, 489.38, 490.71, 492.04, 493.37, 494.7, 496.03, 497.36, 498.69, 500.01, 501.34, 502.67, 504.0, 505.33, 506.66, 507.99, 509.32, 510.65, 511.98, 513.31, 514.64, 515.97, 517.3, 518.64, 519.97, 521.3, 522.63, 523.96, 525.29, 526.62, 527.95, 529.29, 530.62, 531.95, 533.28, 534.61, 535.95, 537.28, 538.61, 539.94, 541.28, 542.61, 543.94, 545.28, 546.61, 547.94, 549.28, 550.61, 551.94, 553.28, 554.61, 555.95, 557.28, 558.61, 559.95, 561.28, 562.62, 563.95, 565.29, 566.62, 567.96, 569.29, 570.63, 571.96, 573.3, 574.63, 575.97, 577.3, 578.64, 579.98, 581.31, 582.65, 583.99, 585.32, 586.66, 588.0, 589.33, 590.67, 592.01, 593.34, 594.68, 596.02, 597.36, 598.69, 600.03, 601.37, 602.71, 604.05, 605.38, 606.72, 608.06, 609.4, 610.74, 612.08, 613.42, 614.75, 616.09, 617.43, 618.77, 620.11, 621.45, 622.79, 624.13, 625.47, 626.81, 628.15, 629.49, 630.83, 632.17, 633.51, 634.85, 636.19, 637.53, 638.88, 640.22, 641.56, 642.9, 644.24, 645.58, 646.92, 648.27, 649.61, 650.95, 652.29, 653.64, 654.98, 656.32, 657.66, 659.01, 660.35, 661.69, 663.03, 664.38, 665.72, 667.06, 668.41, 669.75, 671.1, 672.44, 673.78, 675.13, 676.47, 677.82, 679.16, 680.51, 681.85, 683.19, 684.54, 685.88, 687.23, 688.57, 689.92, 691.27, 692.61, 693.96, 695.3, 696.65, 697.99, 699.34, 700.69, 702.03, 703.38, 704.73, 706.07, 707.42, 708.77, 710.11, 711.46, 712.81, 714.16, 715.5, 716.85, 718.2, 719.55, 720.9, 722.24, 723.59, 724.94, 726.29, 727.64, 728.99, 730.33, 731.68, 733.03, 734.38, 735.73, 737.08, 738.43, 739.78, 741.13, 742.48, 743.83, 745.18, 746.53, 747.88, 749.23, 750.58, 751.93, 753.28, 754.63, 755.98, 757.33, 758.68, 760.04, 761.39, 762.74, 764.09, 765.44, 766.79, 768.15, 769.5, 770.85, 772.2, 773.56, 774.91, 776.26, 777.61, 778.97, 780.32, 781.67, 783.03, 784.38, 785.73, 787.09, 788.44, 789.79, 791.15, 792.5, 793.86, 795.21, 796.56, 797.92, 799.27, 800.63, 801.98, 803.34, 804.69, 806.05, 807.4, 808.76, 810.11, 811.47, 812.82, 814.18, 815.54, 816.89, 818.25, 819.61, 820.96, 822.32, 823.67, 825.03, 826.39, 827.75, 829.1, 830.46, 831.82, 833.17, 834.53, 835.89, 837.25, 838.6, 839.96, 841.32, 842.68, 844.04, 845.4, 846.75, 848.11, 849.47, 850.83, 852.19, 853.55, 854.91, 856.27, 857.63, 858.99, 860.35, 861.71, 863.07, 864.43, 865.79, 867.15, 868.51, 869.87, 871.23, 872.59, 873.95, 875.31, 876.67, 878.03, 879.39, 880.76, 882.12, 883.48, 884.84, 886.2, 887.56, 888.93, 890.29, 891.65, 893.01, 894.38, 895.74, 897.1, 898.46, 899.83, 901.19, 902.55, 903.92, 905.28, 906.64, 908.01, 909.37, 910.73, 912.1, 913.46, 914.83, 916.19, 917.56, 918.92, 920.28, 921.65, 923.01, 924.38, 925.74, 927.11, 928.48, 929.84, 931.21, 932.57, 933.94, 935.3, 936.67, 938.04, 939.4, 940.77, 942.14, 943.5, 944.87, 946.24, 947.6, 948.97, 950.34, 951.7, 953.07, 954.44, 955.81, 957.17, 958.54, 959.91, 961.28, 962.65, 964.01, 965.38, 966.75, 968.12, 969.49, 970.86, 972.23, 973.6, 974.97, 976.33, 977.7, 979.07, 980.44, 981.81, 983.18, 984.55, 985.92, 987.29, 988.66, 990.03, 991.41, 992.78, 994.15, 995.52, 996.89, 998.26, 999.63, 1001.0, 1002.37, 1003.75, 1005.12}
wavelength units = nm
reflectance scale factor = 10000
label = PlotF_Comtrol
rotation = [(1, 0), (0, 0), (1, 1), (0, 1)]
